Expert,WithCP,WithoutCP,Diff
1,93,92,1
2,65,67,-2
3,37,47,-10
4,78,79,-1
5,89,84,5
6,49,52,-3
7,88,80,8
8,55,52,3
9,63,67,-4
10,62,69,-7
